# M_center  P_simulated  P_Ising_theoretical
-3.979999999999999982e+00 0.000000000000000000e+00 2.074552559725439939e-152
-3.939999999999999947e+00 0.000000000000000000e+00 7.996129957917899951e-144
-3.899999999999999911e+00 0.000000000000000000e+00 1.206152831293091367e-135
-3.859999999999999876e+00 0.000000000000000000e+00 7.381325211136607199e-128
-3.819999999999999840e+00 0.000000000000000000e+00 1.897836975676219355e-120
-3.779999999999999805e+00 0.000000000000000000e+00 2.120845190092655006e-113
-3.739999999999999769e+00 0.000000000000000000e+00 1.064575519655797566e-106
-3.700000000000000178e+00 0.000000000000000000e+00 2.478114676118088981e-100
-3.660000000000000142e+00 0.000000000000000000e+00 2.759184180177656493e-94
-3.620000000000000107e+00 0.000000000000000000e+00 1.514178635546011938e-88
-3.580000000000000071e+00 0.000000000000000000e+00 4.216265924832099818e-83
-3.540000000000000036e+00 0.000000000000000000e+00 6.127084542643288134e-78
-3.500000000000000000e+00 0.000000000000000000e+00 4.775150463592016467e-73
-3.459999999999999964e+00 0.000000000000000000e+00 2.049179970606994261e-68
-3.419999999999999929e+00 0.000000000000000000e+00 4.967228537218861487e-64
-3.379999999999999893e+00 0.000000000000000000e+00 6.971194420459004091e-60
-3.339999999999999858e+00 0.000000000000000000e+00 5.801259932768226835e-56
-3.299999999999999822e+00 0.000000000000000000e+00 2.929380086676901392e-52
-3.260000000000000231e+00 0.000000000000000000e+00 9.177929216496091831e-49
-3.220000000000000195e+00 0.000000000000000000e+00 1.822953447439853371e-45
-3.180000000000000160e+00 0.000000000000000000e+00 2.343643056464218405e-42
-3.140000000000000124e+00 0.000000000000000000e+00 1.989756804009658490e-39
-3.100000000000000089e+00 0.000000000000000000e+00 1.137367738981210213e-36
-3.060000000000000053e+00 0.000000000000000000e+00 4.459575773365395904e-34
-3.020000000000000018e+00 0.000000000000000000e+00 1.221193041392342128e-31
-2.979999999999999982e+00 0.000000000000000000e+00 2.376260130614031696e-29
-2.939999999999999947e+00 0.000000000000000000e+00 3.340910714821718554e-27
-2.899999999999999911e+00 0.000000000000000000e+00 3.448800247997942314e-25
-2.859999999999999876e+00 0.000000000000000000e+00 2.654668546513196713e-23
-2.819999999999999840e+00 0.000000000000000000e+00 1.546468784951491790e-21
-2.779999999999999805e+00 0.000000000000000000e+00 6.916074147700823005e-20
-2.739999999999999769e+00 0.000000000000000000e+00 2.407249342063896021e-18
-2.699999999999999734e+00 0.000000000000000000e+00 6.607599853062907183e-17
-2.659999999999999698e+00 0.000000000000000000e+00 1.448489620930144971e-15
-2.619999999999999662e+00 0.000000000000000000e+00 2.566845780237267528e-14
-2.580000000000000071e+00 0.000000000000000000e+00 3.720000358037064144e-13
-2.540000000000000036e+00 0.000000000000000000e+00 4.458406858064879688e-12
-2.500000000000000000e+00 0.000000000000000000e+00 4.466212827137664424e-11
-2.459999999999999964e+00 0.000000000000000000e+00 3.777917753925435150e-10
-2.419999999999999929e+00 0.000000000000000000e+00 2.724935259099873927e-09
-2.379999999999999893e+00 0.000000000000000000e+00 1.691610934035981051e-08
-2.339999999999999858e+00 0.000000000000000000e+00 9.119141373990187617e-08
-2.300000000000000266e+00 0.000000000000000000e+00 4.305359445619217036e-07
-2.260000000000000231e+00 7.291608769654991663e-06 1.794690626371213281e-06
-2.220000000000000195e+00 2.037268827670479581e-05 6.656601936682653675e-06
-2.180000000000000160e+00 1.876768371811793443e-04 2.213080983796552348e-05
-2.140000000000000124e+00 1.616518389409512830e-04 6.641540141567941699e-05
-2.100000000000000089e+00 3.632674363294965307e-04 1.811187813001756213e-04
-2.060000000000000053e+00 7.820651176288063002e-04 4.516835517147426630e-04
-2.020000000000000018e+00 2.452184430033472855e-03 1.036324149917823307e-03
-1.979999999999999982e+00 6.694497541162990062e-03 2.200029224786691912e-03
-1.939999999999999947e+00 8.432314451462490437e-03 4.344952508838611886e-03
-1.899999999999999911e+00 1.549420530768093329e-02 8.024051739349167753e-03
-1.859999999999999876e+00 2.290504815668531827e-02 1.392398679879675548e-02
-1.819999999999999840e+00 3.533632955251068963e-02 2.280809862824755702e-02
-1.779999999999999805e+00 4.784324717397202970e-02 3.542047131298882434e-02
-1.739999999999999769e+00 6.318117771184936227e-02 5.236458785573743641e-02
-1.699999999999999956e+00 8.544069303770247814e-02 7.398026777671821985e-02
-1.660000000000000142e+00 1.087011678451791780e-01 1.002462947900423368e-01
-1.620000000000000107e+00 1.150338776188617046e-01 1.307317418208533144e-01
-1.580000000000000071e+00 1.512845715586282058e-01 1.646079520935926077e-01
-1.540000000000000036e+00 1.744210741102968365e-01 2.007192254465937353e-01
-1.500000000000000000e+00 2.172447592543038930e-01 2.376978610082165766e-01
-1.459999999999999964e+00 2.415948627754150313e-01 2.741015945571725343e-01
-1.419999999999999929e+00 2.908400507779246857e-01 3.085498923819373629e-01
-1.379999999999999893e+00 3.094694832650961569e-01 3.398392840511852975e-01
-1.339999999999999858e+00 3.348983200005977157e-01 3.670249220061448936e-01
-1.299999999999999822e+00 3.886476802085962468e-01 3.894634960352473252e-01
-1.259999999999999787e+00 3.987721697427593637e-01 4.068195724112877998e-01
-1.219999999999999751e+00 4.054069521624610872e-01 4.190422391539231906e-01
-1.179999999999999938e+00 4.269037143906310727e-01 4.263213141470804102e-01
-1.140000000000000124e+00 4.327613794124036684e-01 4.290326213592901006e-01
-1.100000000000000089e+00 4.459612599906374042e-01 4.276805968774653466e-01
-1.060000000000000053e+00 4.455684150973399649e-01 4.228444511821785601e-01
-1.020000000000000018e+00 4.293765116752895072e-01 4.151318808978552433e-01
-9.799999999999999822e-01 4.311761186694426096e-01 4.051423014709095716e-01
-9.399999999999999467e-01 4.124311020459610622e-01 3.934399811022268323e-01
-8.999999999999999112e-01 4.064467607880919986e-01 3.805363612930446338e-01
-8.599999999999998757e-01 3.781834029258779872e-01 3.668802137912419159e-01
-8.199999999999998401e-01 3.842780627552631056e-01 3.528540172253814000e-01
-7.799999999999998046e-01 3.379063150691815065e-01 3.387749325830998193e-01
-7.399999999999997691e-01 3.215619140501954076e-01 3.248989154464176354e-01
-6.999999999999997335e-01 3.230132738003426707e-01 3.114267441182473339e-01
-6.599999999999999201e-01 2.861515429820269962e-01 2.985110085110521672e-01
-6.200000000000001066e-01 2.400750563580503760e-01 2.862633577794327921e-01
-5.800000000000000711e-01 2.488752791048926549e-01 2.747615247766775903e-01
-5.400000000000000355e-01 2.792874806108827657e-01 2.640558242141924361e-01
-5.000000000000000000e-01 2.580348309281161323e-01 2.541749584803509876e-01
-4.599999999999999645e-01 2.221283166002947507e-01 2.451310645039810054e-01
-4.199999999999999289e-01 2.207760516542460194e-01 2.369240029714119455e-01
-3.799999999999998934e-01 2.098738559050984664e-01 2.295449342590948905e-01
-3.399999999999998579e-01 1.919392260308901421e-01 2.229792498280090962e-01
-2.999999999999998224e-01 2.088487463775333397e-01 2.172089388561757595e-01
-2.599999999999997868e-01 2.305165428591405830e-01 2.122144718401630381e-01
-2.199999999999997513e-01 2.154402137305176379e-01 2.079762790483104806e-01
-1.799999999999999378e-01 2.075424273178255175e-01 2.044758944466263939e-01
-1.400000000000001243e-01 2.232805247414311189e-01 2.016968267049422114e-01
-1.000000000000000888e-01 1.995056510555117124e-01 1.996252092182985438e-01
-6.000000000000005329e-02 1.825153778150106210e-01 1.982502714102310215e-01
-2.000000000000001776e-02 2.013248835719332330e-01 1.975646642724783186e-01
2.000000000000001776e-02 1.972161200494270128e-01 1.975646642724783186e-01
6.000000000000005329e-02 1.989687005153141786e-01 1.982502714102310215e-01
1.000000000000000888e-01 2.108418261264312366e-01 1.996252092182985438e-01
1.400000000000001243e-01 1.882178786550721683e-01 2.016968267049422114e-01
1.800000000000001599e-01 2.427046054818216558e-01 2.044758944466263939e-01
2.200000000000001954e-01 1.985863230287761572e-01 2.079762790483104806e-01
2.600000000000002309e-01 2.275777541211660981e-01 2.122144718401630381e-01
3.000000000000002665e-01 2.226414020894763590e-01 2.172089388561758427e-01
3.400000000000003020e-01 2.457959441472279960e-01 2.229792498280091240e-01
3.800000000000003375e-01 2.669221986230064236e-01 2.295449342590949460e-01
4.200000000000003730e-01 2.167385477294859752e-01 2.369240029714120843e-01
4.600000000000004086e-01 2.691961358414230454e-01 2.451310645039810887e-01
5.000000000000004441e-01 3.147276109348084439e-01 2.541749584803510431e-01
5.400000000000004796e-01 2.808841912658088802e-01 2.640558242141924916e-01
5.800000000000005151e-01 2.988195330180570264e-01 2.747615247766777569e-01
6.200000000000001066e-01 2.988221284291108781e-01 2.862633577794327921e-01
6.599999999999996980e-01 3.296569667596442876e-01 2.985110085110520561e-01
6.999999999999997335e-01 3.251658309241644007e-01 3.114267441182473339e-01
7.399999999999997691e-01 3.421683711330441025e-01 3.248989154464176354e-01
7.799999999999998046e-01 3.452399015278460603e-01 3.387749325830998193e-01
8.199999999999998401e-01 3.818726797846775378e-01 3.528540172253814000e-01
8.599999999999998757e-01 4.381096015795828968e-01 3.668802137912419159e-01
8.999999999999999112e-01 4.112878859338550686e-01 3.805363612930446338e-01
9.399999999999999467e-01 3.656879543601852522e-01 3.934399811022268323e-01
9.799999999999999822e-01 4.240249890644412489e-01 4.051423014709095716e-01
1.020000000000000018e+00 4.040030911825052140e-01 4.151318808978552433e-01
1.060000000000000053e+00 4.034016351671130263e-01 4.228444511821785601e-01
1.100000000000000089e+00 4.049267399114118149e-01 4.276805968774653466e-01
1.140000000000000124e+00 3.742157301274327552e-01 4.290326213592901006e-01
1.180000000000000160e+00 3.730384603243617758e-01 4.263213141470804102e-01
1.220000000000000195e+00 3.456819253622865351e-01 4.190422391539231350e-01
1.260000000000000231e+00 3.599656973907537361e-01 4.068195724112876333e-01
1.300000000000000266e+00 3.232944717408280932e-01 3.894634960352471031e-01
1.340000000000000302e+00 2.872040666751612403e-01 3.670249220061447271e-01
1.380000000000000338e+00 2.917017108297803030e-01 3.398392840511850199e-01
1.420000000000000373e+00 2.871898035487118750e-01 3.085498923819370853e-01
1.460000000000000409e+00 2.219211360959784107e-01 2.741015945571720902e-01
1.500000000000000444e+00 2.009472140225200820e-01 2.376978610082161048e-01
1.540000000000000480e+00 1.789769157751443796e-01 2.007192254465932635e-01
1.580000000000000515e+00 1.501486434821810712e-01 1.646079520935923024e-01
1.620000000000000107e+00 1.677152348460309583e-01 1.307317418208533144e-01
1.659999999999999698e+00 1.194422226272332244e-01 1.002462947900427392e-01
1.699999999999999734e+00 9.996613940146095723e-02 7.398026777671821985e-02
1.739999999999999769e+00 8.574245435052346709e-02 5.236458785573743641e-02
1.779999999999999805e+00 5.907667015412609163e-02 3.542047131298882434e-02
1.819999999999999840e+00 4.432390809444843732e-02 2.280809862824755702e-02
1.859999999999999876e+00 3.562448431311252689e-02 1.392398679879675548e-02
1.899999999999999911e+00 2.889395960027624222e-02 8.024051739349167753e-03
1.939999999999999947e+00 2.382429914666579079e-02 4.344952508838611886e-03
1.979999999999999982e+00 1.921232086247722307e-02 2.200029224786691912e-03
2.020000000000000018e+00 1.138888743239527788e-02 1.036324149917823307e-03
2.060000000000000053e+00 1.071964901305231394e-02 4.516835517147426630e-04
2.100000000000000089e+00 5.610701157096597939e-03 1.811187813001756213e-04
2.140000000000000124e+00 5.416044046810386363e-03 6.641540141567941699e-05
2.180000000000000160e+00 2.311162973761544340e-03 2.213080983796552348e-05
2.220000000000000195e+00 1.509022991774685869e-03 6.656601936682653675e-06
2.260000000000000231e+00 1.418704462491368569e-03 1.794690626371213281e-06
2.300000000000000266e+00 5.317782933417215764e-04 4.305359445619217036e-07
2.340000000000000302e+00 4.539569447820071199e-04 9.119141373989978506e-08
2.380000000000000338e+00 3.501183502618847201e-04 1.691610934035951273e-08
2.420000000000000373e+00 2.913048633146336227e-05 2.724935259099806099e-09
2.460000000000000409e+00 1.350818700618369793e-04 3.777917753925341575e-10
2.500000000000000444e+00 3.417252243981254325e-04 4.466212827137537762e-11
2.540000000000000480e+00 1.649073962023403029e-04 4.458406858064769020e-12
2.580000000000000515e+00 3.015476757184381993e-10 3.720000358036971753e-13
2.620000000000000551e+00 1.785463593639843247e-06 2.566845780237112911e-14
2.660000000000000142e+00 2.096911344562400501e-06 1.448489620930104148e-15
2.699999999999999734e+00 0.000000000000000000e+00 6.607599853062907183e-17
2.739999999999999769e+00 0.000000000000000000e+00 2.407249342063896021e-18
2.779999999999999805e+00 5.551115123125771658e-15 6.916074147700823005e-20
2.819999999999999840e+00 0.000000000000000000e+00 1.546468784951491790e-21
2.859999999999999876e+00 0.000000000000000000e+00 2.654668546513196713e-23
2.899999999999999911e+00 0.000000000000000000e+00 3.448800247997942314e-25
2.939999999999999947e+00 0.000000000000000000e+00 3.340910714821718554e-27
2.979999999999999982e+00 0.000000000000000000e+00 2.376260130614031696e-29
3.020000000000000018e+00 0.000000000000000000e+00 1.221193041392342128e-31
3.060000000000000053e+00 0.000000000000000000e+00 4.459575773365395904e-34
3.100000000000000089e+00 0.000000000000000000e+00 1.137367738981210213e-36
3.140000000000000124e+00 0.000000000000000000e+00 1.989756804009658490e-39
3.180000000000000160e+00 0.000000000000000000e+00 2.343643056464218405e-42
3.220000000000000195e+00 0.000000000000000000e+00 1.822953447439853371e-45
3.260000000000000231e+00 0.000000000000000000e+00 9.177929216496091831e-49
3.300000000000000266e+00 0.000000000000000000e+00 2.929380086676692934e-52
3.340000000000000302e+00 0.000000000000000000e+00 5.801259932767733301e-56
3.380000000000000338e+00 0.000000000000000000e+00 6.971194420457815754e-60
3.420000000000000373e+00 0.000000000000000000e+00 4.967228537218578787e-64
3.460000000000000409e+00 0.000000000000000000e+00 2.049179970606877309e-68
3.500000000000000444e+00 0.000000000000000000e+00 4.775150463591337206e-73
3.540000000000000480e+00 0.000000000000000000e+00 6.127084542642592999e-78
3.580000000000000515e+00 0.000000000000000000e+00 4.216265924831621409e-83
3.620000000000000551e+00 0.000000000000000000e+00 1.514178635545753817e-88
3.660000000000000142e+00 0.000000000000000000e+00 2.759184180177656493e-94
3.699999999999999734e+00 0.000000000000000000e+00 2.478114676118370693e-100
3.739999999999999769e+00 0.000000000000000000e+00 1.064575519655797566e-106
3.779999999999999805e+00 0.000000000000000000e+00 2.120845190092655006e-113
3.819999999999999840e+00 0.000000000000000000e+00 1.897836975676219355e-120
3.859999999999999876e+00 0.000000000000000000e+00 7.381325211136607199e-128
3.899999999999999911e+00 0.000000000000000000e+00 1.206152831293091367e-135
3.939999999999999947e+00 0.000000000000000000e+00 7.996129957917899951e-144
3.979999999999999982e+00 0.000000000000000000e+00 2.074552559725439939e-152
